%% bus2_ss: 2 节点系统, 用于测试收敛情况
function [mpc] = bus2_ss()
	mpc.baseMVA = 100;
	mpc.bus = [
		1	3	0	0	0	0	1	1	0	0	1	1.1	0.9;
		2	1	100	50	0	0	1	1	0	0	1	1.1	0.9;
	];

	mpc.gen = [
		1	0	0	9999	-9999	1	100	1	9999	-9999;
	];

	mpc.branch = [
		1	2	0.0	0.1	0	0	0	0	0	0	1	-180	180;
	];
end