%% case39_ss: IEEE-39 暂态
function [mpc] = case39_ts()

	% 所有负荷目前按照纯阻抗处理, 不考虑有发电机, 电力电子设备等
	% 未直接考虑各阻尼绕组的影响
	% nodeId, TJ, Ra, Xd, X'd, Xq, X'q, T'd0, T'q0, D
	mpc.gen = [
		30	84.0	0	0.031 	0.031 	0.031 	0.031 	0	0	0;
		31	60.6	0	0.0697	0.0697	0.0697	0.0697	0	0	0;
		32	71.6	0	0.0531	0.0531	0.0531	0.0531	0	0	0;
		33	57.2	0	0.0436	0.0436	0.0436	0.0436	0	0	0;
		34	52.0	0	0.132 	0.132 	0.132 	0.132 	0	0	0;
		35	69.6	0	0.05  	0.05  	0.05  	0.05  	0	0	0;
		36	52.8	0	0.049 	0.049 	0.049 	0.049 	0	0	0;
		37	48.6	0	0.057 	0.057 	0.057 	0.057 	0	0	0;
		38	69.0	0	0.057 	0.057 	0.057 	0.057 	0	0	0;
		39	1000	0	0.006 	0.006 	0.006 	0.006 	0	0	0;
	];

	% 电网操作
	mpc.operating = [];

	mpc.operating(1).time = 0;
	mpc.operating(1).nid = 15;
	mpc.operating(1).ntype = 'f3';
	mpc.operating(1).zf = 1e-2;

	mpc.operating(2).time = 0.05;
	mpc.operating(2).nid = 15;
	mpc.operating(2).ntype = 'restore';
end