%% case39_ft: IEEE-39 故障
function [mpc] = case39_ft()
	
	% nid, Ra, Xd'1, Xd'2, Xd'0, Xn, Connection
	mpc.gen = {
		30	0	0.031	0.031	0.09	0	'Yn';
		31	0	0.0697	0.0697	0.21	0	'Yn';
		32	0	0.0531	0.0531	0.16	0	'Yn';
		33	0	0.0436	0.0436	0.13	0	'Yn';
		34	0	0.132	0.132	0.40	0	'Yn';
		35	0	0.05	0.05	0.15	0	'Yn';
		36	0	0.049	0.049	0.15	0	'Yn';
		37	0	0.057	0.057	0.17	0	'Yn';
		38	0	0.057	0.057	0.17	0	'Yn';
		39	0	0.006	0.006	0.02	0	'Yn';
	};

	% fid, tid, r, x1, x0, 
	mpc.line = [
		1	2	0.0035	0.0411	0.0411;
		1	39	0.001	0.025	0.025;
		2	3	0.0013	0.0151	0.0151;
		2	25	0.007	0.0086	0.0086;
		3	4	0.0013	0.0213	0.0213;
		3	18	0.0011	0.0133	0.0133;
		4	5	0.0008	0.0128	0.0128;
		4	14	0.0008	0.0129	0.0129;
		5	6	0.0002	0.0026	0.0026;
		5	8	0.0008	0.0112	0.0112;
		6	7	0.0006	0.0092	0.0092;
		6	11	0.0007	0.0082	0.0082;
		7	8	0.0004	0.0046	0.0046;
		8	9	0.0023	0.0363	0.0363;
		9	39	0.001	0.025	0.025;
		10	11	0.0004	0.0043	0.0043;
		10	13	0.0004	0.0043	0.0043;
		13	14	0.0009	0.0101	0.0101;
		14	15	0.0018	0.0217	0.0217;
		15	16	0.0009	0.0094	0.0094;
		16	17	0.0007	0.0089	0.0089;
		16	19	0.0016	0.0195	0.0195;
		16	21	0.0008	0.0135	0.0135;
		16	24	0.0003	0.0059	0.0059;
		17	18	0.0007	0.0082	0.0082;
		17	27	0.0013	0.0173	0.0173;
		21	22	0.0008	0.014	0.014;
		22	23	0.0006	0.0096	0.0096;
		22	35	0.0000	0.0143	0.0143;
		23	24	0.0022	0.035	0.035;
		25	26	0.0032	0.0323	0.0323;
		26	27	0.0014	0.0147	0.0147;
		26	28	0.0043	0.0474	0.0474;
		26	29	0.0057	0.0625	0.0625;
		28	29	0.0014	0.0151	0.0151;
	];

	% fid, tid, rt, Xt1, Xt0, Xn, ratio, angle, Connection
	mpc.transformer = {
		2	30	0	0.0181	0.05	0	1.025	0	'YNy0';
		6	31	0	0.025	0.08	0	1.07	0	'YNy0';
		10	32	0	0.02	0.06	0	1.07	0	'YNy0';
		12	11	0	0.0435	0.13	0	1.006	0	'YNy0';
		12	13	0	0.0435	0.13	0	1.006	0	'YNy0';
		19	20	0	0.0138	0.04	0	1.06	0	'YNy0';
		19	33	0	0.0142	0.04	0	1.07	0	'YNy0';
		20	34	0	0.018	0.05	0	1.009	0	'YNy0';
		22	35	0	0.0143	0.04	0	1.025	0	'YNy0';
		23	36	0	0.0272	0.08	0	1.00	0	'YNy0';
		25	37	0	0.0232	0.07	0	1.025	0	'YNy0';
		29	38	0	0.0156	0.05	0	1.025	0	'YNy0';
	};

	mpc.fault = [];
	mpc.fault.nid = 14;  % 故障节点 (目前不支持线路中间故障)
	mpc.fault.zf = 0.003 + 0.004i;  % 过渡阻抗 zf (pu)
	mpc.fault.zg = 0;  % 对地过渡阻抗 zg (pu), 仅两相短路接地时有效
	mpc.fault.type = 'f2';  % 故障类型 (f3, f2, f1, f11)
	mpc.fault.phase = 'ab';  % 故障相 (a, b, c, ab, ac 等)

end