%% case145_ts: IEEE-145 暂态
function [mpc] = case145_ts()

	% 所有负荷目前按照纯阻抗处理, 不考虑有发电机, 电力电子设备等
	% 未直接考虑各阻尼绕组的影响
	% nodeId, TJ, Ra, Xd, X'd, Xq, X'q, T'd0, T'q0, D
	mpc.gen = [
		% 1	42.78	0	0.146	0.0608	0.0969	0.0969	8.96	0.742	0;
		% 2	12.80	0	0.8958	0.1198	0.8645	0.1969	6.00	0.535	0;
		% 3	6.02	0	1.3125	0.1813	1.2578	0.2500	8.59	0.600	0;
		60	   2.82  	0	0.4769	0.4769	0.4769	0.4769	0	0	0;
		67	  104.36	0	0.0213	0.0213	0.0213	0.0213	0	0	0;
		79	   13.3  	0	0.1292	0.1292	0.1292	0.1292	0	0	0;
		80	   2.57 	0	0.6648	0.6648	0.6648	0.6648	0	0	0;
		82	   4.23 	0	0.5291	0.5291	0.5291	0.5291	0	0	0;
		89	  41.12 	0	0.0585	0.0585	0.0585	0.0585	0	0	0;
		90	   1.53 	0	1.6000	1.6000	1.6000	1.6000	0	0	0;
		91	   3.37 	0	0.3718	0.3718	0.3718	0.3718	0	0	0;
		93	 230.07 	0	0.0240	0.0240	0.0240	0.0240	0	0	0;
		94	  34.68 	0	0.0839	0.0839	0.0839	0.0839	0	0	0;
		95	   10.93	0	0.1619	0.1619	0.1619	0.1619	0	0	0;
		96	   4.24 	0	0.4824	0.4824	0.4824	0.4824	0	0	0;
		97	   10.98	0	0.2125	0.2125	0.2125	0.2125	0	0	0;
		98	  27.92  	0	0.0795	0.0795	0.0795	0.0795	0	0	0;
		99	  34.22 	0	0.1146	0.1146	0.1146	0.1146	0	0	0;
		100	   15.12  	0	0.1386	0.1386	0.1386	0.1386	0	0	0;
		101	  24.57 	0	0.0924	0.0924	0.0924	0.0924	0	0	0;
		102	  156.87	0	0.0135	0.0135	0.0135	0.0135	0	0	0;
		103	   16.32  	0	0.1063	0.1063	0.1063	0.1063	0	0	0;
		104	  147.71	0	0.0122	0.0122	0.0122	0.0122	0	0	0;
		105	  168.78	0	0.0208	0.0208	0.0208	0.0208	0	0	0;
		106	  112.52 	0	0.0312	0.0312	0.0312	0.0312	0	0	0;
		108	  60.86 	0	0.0248	0.0248	0.0248	0.0248	0	0	0;
		109	   5.32 	0	0.2029	0.2029	0.2029	0.2029	0	0	0;
		110	 230.1  	0	0.0240	0.0240	0.0240	0.0240	0	0	0;
		111	  147.71	0	0.0122	0.0122	0.0122	0.0122	0	0	0;
		112	  24.57 	0	0.0924	0.0924	0.0924	0.0924	0	0	0;
		115	  194.66  	0	0.0024	0.0024	0.0024	0.0024	0	0	0;
		116	 211.0  	0	0.0022	0.0022	0.0022	0.0022	0	0	0;
		117	 204.32  	0	0.0017	0.0017	0.0017	0.0017	0	0	0;
		118	 325.48  	0	0.0014	0.0014	0.0014	0.0014	0	0	0;
		119	 696.44  	0	0.0002	0.0002	0.0002	0.0002	0	0	0;
		121	 233.08  	0	0.0017	0.0017	0.0017	0.0017	0	0	0;
		122	  78.48  	0	0.0089	0.0089	0.0089	0.0089	0	0	0;
		124	 233.72  	0	0.0017	0.0017	0.0017	0.0017	0	0	0;
		128	 1007.74  	0	0.0001	0.0001	0.0001	0.0001	0	0	0;
		130	 461.8  	0	0.0010	0.0010	0.0010	0.0010	0	0	0;
		131	2203.44  	0	0.0001	0.0001	0.0001	0.0001	0	0	0;
		132	 240.7  	0	0.0016	0.0016	0.0016	0.0016	0	0	0;
		134	 1604.24  	0	0.0003	0.0003	0.0003	0.0003	0	0	0;
		135	 465.26  	0	0.0008	0.0008	0.0008	0.0008	0	0	0;
		136	4036.34  	0	0.0001	0.0001	0.0001	0.0001	0	0	0;
		137	 938.64  	0	0.0004	0.0004	0.0004	0.0004	0	0	0;
		139	4420.4  	0	0.0001	0.0001	0.0001	0.0001	0	0	0;
		140	 1798.38  	0	0.0003	0.0003	0.0003	0.0003	0	0	0;
		141	2948.44  	0	0.0001	0.0001	0.0001	0.0001	0	0	0;
		142	 1901.6  	0	0.0003	0.0003	0.0003	0.0003	0	0	0;
		143	 408.6  	0	0.0023	0.0023	0.0023	0.0023	0	0	0;
		144	 886.44  	0	0.0004	0.0004	0.0004	0.0004	0	0	0;
		145	 1036.16  	0	0.0018	0.0018	0.0018	0.0018	0	0	0;
	];

	% 电网操作
	mpc.operating = [];

	mpc.operating(1).time = 0;
	% mpc.operating(1).nid = 50;
	% mpc.operating(1).ntype = 'f3';
	% mpc.operating(1).trZ = 1e-7;

	% mpc.operating(2).time = 0.08;
	% % mpc.operating(2).fid = 5;
	% % mpc.operating(2).tid = 7;
	% % mpc.operating(2).btype = 'break';
	% mpc.operating(2).nid = 50;
	% mpc.operating(2).ntype = 'restore';
end